 Data1   	  Data2    	  Data3    	  Data4    	  Data5
 3144.36 	  1738.57 	  3244.29 	  2050.34 	  1527.11 	
 3714.51 	  2617.38 	  2512.72 	  4192.35 	  1539.54 	
 1608.26 	  3334.87 	  3493.65 	  4004.06 	  2686.87 	
 3379.63 	  2367.33 	  1493.06 	  2330.00 	  1612.85 	
 2537.26 	  3713.75 	  3136.27 	  1831.07 	  1723.43 	
 1315.38 	  1735.80 	  2842.59 	  2401.97 	  1658.87 	
 3323.38 	  1910.62 	  2180.76 	  1835.52 	  3271.03 	
 1424.58 	  2544.24 	  1378.97 	  2926.82 	  3230.53 	
 1276.63 	  2044.79 	  5211.05 	  1723.12 	  1722.55 	
 1373.42 	  4179.57 	  3084.90 	  1766.56 	  1901.19 	
 2777.46 	  1872.72 	  1993.13 	  1655.93 	  1835.65 	
 1302.99 	  1498.92 	  4073.24 	  2037.86 	  2488.38 	
  346.63 	  2363.07 	  3445.60 	  1557.18 	  2411.65 	
 2844.50 	  5660.35 	  2796.12 	  2897.99 	  1750.76 	
 2625.54 	  2049.28 	  2241.01 	  3323.76 	  2504.60 	
 2945.12 	  4071.95 	  2860.84 	  1358.61 	  2623.38 	
 2895.29 	  2358.43 	  1817.46 	  2106.10 	  2362.75 	
 1050.74 	  1556.11 	  1122.72 	  2093.94 	  1642.66 	
 4433.67 	  5077.18 	  2760.47 	  2846.02 	  1888.29 	
 2880.15 	  1787.50 	  2986.75 	  3474.67 	  3286.85 	
 4236.85 	  2629.29 	  2163.86 	  2729.88 	  1590.56 	
 2717.04 	  1025.07 	  2147.81 	  2200.35 	  2413.68 	
 2509.07 	  6114.15 	  2802.23 	  2035.46 	  1952.21 	
 3292.97 	  2304.55 	  3832.27 	  2315.62 	  3030.36 	
 2383.20 	  1003.58 	  1734.98 	  3581.29 	  2073.19 	
 2264.41 	  3958.59 	  3198.15 	  1469.66 	  2320.34 	
 3123.48 	  1871.05 	  5509.13 	  2460.37 	  2138.03 	
 1975.51 	  1185.72 	  1911.65 	  2399.65 	  1595.56 	
 3836.42 	  3226.05 	  1069.37 	  1357.54 	  2586.85 	
 3575.02 	  2282.00 	  2405.16 	  2253.21 	  1952.69 	
 3096.07 	  3572.69 	  2002.13 	  4334.29 	  2159.35 	
 3160.84 	  3526.76 	  1966.67 	  2021.28 	  1672.88 	
 2719.37 	  2192.45 	  3018.25 	  3138.99 	  1888.56 	
 3602.06 	  3005.07 	  2145.15 	  5069.63 	  1810.59 	
 3367.14 	  4367.89 	  2815.39 	  1866.13 	  1753.15 	
  760.81 	  1732.80 	  1622.49 	  4459.95 	  2018.27 	
 2551.60 	  4919.37 	  2390.97 	  5787.20 	  1756.85 	
 1964.78 	  1934.86 	  1212.81 	  3824.57 	  1974.73 	
 1921.09 	  2140.05 	  2283.56 	  1135.01 	  2306.60 	
 2498.01 	  1653.57 	  3074.31 	  3431.86 	  3116.12 	
 3753.73 	  1515.25 	  3585.13 	  1322.85 	  2437.64 	
 1497.01 	  2576.03 	  2194.50 	   966.97 	  1995.87 	
  730.44 	  2089.61 	  1899.87 	  2514.52 	  2682.38 	
 1218.86 	  2259.83 	  2029.08 	  4594.32 	  2860.88 	
 3897.45 	  2495.36 	  1978.72 	  2709.10 	  2960.10 	
 2874.94 	  4111.48 	  2649.58 	  1678.41 	  1743.73 	
 2080.94 	  2045.58 	  2300.55 	  2673.80 	  2116.57 	
 2632.98 	  1731.01 	  1899.92 	  1944.25 	  1569.48 	
 3422.92 	  2130.83 	  2355.31 	  2975.54 	  1795.74 	
 2926.29 	  3250.23 	  2224.38 	  1801.72 	  2877.99 	
 3630.41 	  1623.01 	  1447.42 	  2782.68 	  2509.09 	
 1612.56 	  2766.48 	  4506.52 	  2287.51 	  6361.80 	
 2042.58 	  2205.63 	  3385.31 	  3043.39 	  2300.38 	
 2936.98 	  3169.68 	  1850.54 	  1953.31 	  2483.07 	
 1532.51 	  2868.42 	  1360.60 	  2046.20 	  1834.44 	
 2158.54 	  3122.10 	  1441.45 	  1719.83 	  2177.19 	
 3213.43 	  1919.06 	  1535.77 	  3050.57 	  2337.32 	
 1865.99 	  2195.16 	  1071.55 	  2307.23 	  1889.03 	
 2409.40 	  1141.88 	  3594.39 	  1954.30 	  2833.85 	
 1987.46 	  3396.50 	  2797.31 	  2286.88 	  2974.59 	
 3206.28 	  4626.38 	  3949.17 	  4024.61 	  2241.97 	
 2079.10 	  1561.93 	  3346.54 	  2607.13 	  2218.03 	
 3350.86 	  2333.28 	  3772.88 	  3047.39 	  1902.95 	
 2430.89 	  2807.21 	   654.59 	  3284.81 	  2560.76 	
 2069.45 	  2872.17 	  1670.88 	  2190.53 	  2631.45 	
  929.29 	  1416.21 	  2811.68 	  1733.66 	  1651.25 	
 3392.52 	  3357.21 	  1658.71 	  3015.39 	  2285.55 	
 3112.78 	  2310.45 	  1380.91 	  2140.83 	  1644.64 	
 3118.76 	  2679.67 	  1285.36 	  1116.05 	  4819.32 	
 4093.89 	  2166.13 	  3351.28 	  2329.60 	  1749.01 	
 3987.46 	  1840.67 	  1330.70 	  3447.21 	  1847.82 	
 2745.41 	  3210.98 	  2767.35 	  2426.90 	  3465.47 	
 3759.10 	  1691.43 	  2711.06 	  2155.43 	  2169.96 	
 3869.82 	  3236.71 	  1988.30 	  2555.34 	  2520.14 	
 1566.39 	  2008.28 	  2037.09 	  2110.01 	  3455.07 	
 2752.77 	  1811.83 	  3948.80 	  1853.59 	  2619.09 	
 2050.30 	  1579.62 	  2312.66 	  1597.16 	  2619.18 	
 2760.96 	  1943.01 	  2254.37 	  3651.58 	  2111.77 	
 1682.56 	  2619.97 	  2346.00 	  2827.91 	  1962.11 	
 3428.38 	  2394.23 	  3247.97 	  3103.64 	  3019.33 	
 3259.76 	  3237.86 	  1190.03 	  1794.29 	  3750.34 	
 2220.49 	  2312.02 	  1141.86 	  2206.18 	  3737.56 	
 2397.92 	  1311.60 	  1342.83 	  4193.02 	  2317.74 	
 3258.36 	  3434.17 	  3141.96 	  1552.78 	  3630.57 	
 3265.10 	  2574.23 	   787.75 	  3125.51 	  2421.15 	
 1694.33 	  2158.88 	  2819.24 	  1526.53 	  2566.50 	
 2122.72 	  2684.97 	  3247.08 	  1534.24 	  3092.89 	
  800.95 	  3993.39 	  3335.96 	  2624.49 	  3210.68 	
 4180.72 	   927.68 	  3834.53 	  2610.12 	  3016.78 	
 3760.33 	  2548.63 	  2751.23 	  1179.45 	  4288.55 	
 4268.46 	  1702.54 	  2170.93 	  3789.13 	  1914.92 	
 2068.75 	  2733.63 	  1618.72 	  1714.82 	  5557.94 	
 2285.37 	  2629.08 	  2964.87 	  2818.31 	  2961.96 	
 3699.66 	  2059.51 	  1663.57 	  3098.16 	  1761.42 	
 4056.32 	  3815.77 	  2834.05 	  2369.51 	  1553.80 	
 4283.41 	  2542.92 	  3697.07 	  3092.08 	  3605.79 	
 2352.89 	  4164.15 	  4200.95 	  1717.11 	  1700.93 	
 3996.86 	  3380.29 	  2901.40 	  1748.98 	  1883.29 	
 3790.29 	  1772.81 	  2866.19 	  2455.31 	  3279.50 	
 1468.45 	  2615.15 	  3071.42 	  1237.78 	  1949.64 	
